1442,1389,2000
1452,1380,2000
1461,1371,2000
1473,1365,2000
1484,1360,2000
1497,1357,2000
1510,1355,2000
1524,1356,2000
1538,1358,2000
1554,1363,2000
1569,1369,2000
1586,1377,2000
1602,1386,2000
1619,1398,2000
1636,1410,2000
1653,1424,2000
1670,1438,2000
1686,1454,2000
1702,1470,2000
1716,1486,2000
1730,1503,2000
1741,1519,2000
1752,1536,2000
1760,1552,2000
1767,1567,2000
1772,1583,2000
1775,1598,2000
1776,1612,2000
1775,1626,2000
1772,1638,2000
1768,1651,2000
1761,1663,2000
1754,1674,2000
1744,1684,2000
1734,1695,2000
1721,1703,2000
1708,1712,2000
1694,1719,2000
1679,1727,2000
1663,1732,2000
1647,1738,2000
1631,1742,2000
1614,1746,2000
1596,1748,2000
1579,1750,2000
1562,1749,2000
1545,1748,2000
1529,1744,2000
1512,1741,2000
1497,1734,2000
1482,1727,2000
1469,1717,2000
1455,1708,2000
1444,1694,2000
1433,1682,2000
1424,1666,2000
1415,1651,2000
1410,1634,2000
1403,1617,2000
1400,1599,2000
1396,1581,2000
1395,1562,2000
1394,1544,2000
1395,1526,2000
1396,1508,2000
1400,1490,2000
1402,1473,2000
1407,1457,2000
1412,1441,2000
1419,1427,2000
1425,1413,2000
1434,1401,2000
1442,1389,2000
1442,1389,2000
1442,1389,2000
1442,1389,2000
