1	2005-01-25	1928	3
2	2005-01-25	1928	3
3	2005-02-25	1928	3
4	2005-02-25	1928	3
5	2005-03-25	1928	3
2	2005-03-25	5555	1
16	2005-04-25	1928	3
21	2005-09-25	8888	1
21	2005-10-25	1111	3
21	2006-01-20	5005	1
2	2005-02-21	5005	1
3	2005-02-22	5005	1
4	2005-02-23	5005	1
5	2005-02-25	5005	1
11	2005-03-21	5005	1
12	2005-03-22	5005	1
13	2005-04-23	5005	1
14	2005-05-25	5005	1
0	2005-04-08	1111	3
3	2005-03-25	6666	1
2	2005-03-25	6666	1
17	2005-05-25	6666	1
18	2005-06-25	6666	1
19	2005-07-25	6666	1
21	2005-08-25	6666	1
21	2006-04-06	1928	3