1759,1677,2000
1751,1665,2000
1743,1653,2000
1736,1642,2000
1728,1630,2000
1719,1619,2000
1711,1607,2000
1703,1596,2000
1694,1585,2000
1685,1574,2000
1676,1562,2000
1667,1551,2000
1658,1540,2000
1649,1529,2000
1639,1518,2000
1630,1507,2000
1620,1496,2000
1610,1485,2000
1600,1474,2000
1590,1463,2000
1580,1452,2000
1570,1442,2000
1560,1431,2000
1550,1420,2000
1539,1410,2000
1529,1399,2000
1518,1389,2000
1508,1379,2000
1497,1369,2000
1486,1358,2000
1476,1348,2000
1465,1338,2000
1454,1329,2000
1443,1319,2000
1432,1309,2000
1421,1300,2000
1410,1290,2000
1399,1281,2000
1388,1272,2000
1377,1263,2000
1365,1254,2000
1354,1245,2000
1343,1236,2000
1331,1228,2000
1320,1219,2000
1320,1219,1000
