Rectangle 102 255 255 137.0 4.0 477.0 264.0
Rectangle 0 255 0 137.0 265.0 477.0 36.0
Oval 255 255 0 494.0 43.0 45.0 42.0
Line 97 58 22 491.0 265.0 423.0 219.0
Line 97 58 22 546.0 217.0 411.0 216.0
Line 97 58 22 497.0 265.0 534.0 216.0
Line 0 0 0 242.0 223.0 242.0 265.0
Line 0 0 0 605.0 235.0 608.0 265.0
Rectangle 153 0 153 327.0 116.0 27.0 182.0
Rectangle 153 0 153 399.0 107.0 80.0 84.0
Line 153 0 153 255.0 76.0 242.0 219.0
Line 153 0 153 274.0 203.0 322.0 -19.0
Dot 153 0 153 188.0 228.0
Dot 153 0 153 223.0 149.0
Dot 153 0 153 345.0 36.0
Oval 153 0 153 348.0 74.0 207.0 165.0
