1582,1789,2000
1580,1784,2000
1578,1779,2000
1576,1774,2000
1573,1769,2000
1571,1765,2000
1569,1760,2000
1566,1755,2000
1564,1750,2000
1562,1746,2000
1559,1741,2000
1557,1736,2000
1554,1732,2000
1552,1727,2000
1549,1723,2000
1547,1718,2000
1544,1714,2000
1542,1709,2000
1539,1705,2000
1536,1700,2000
1534,1696,2000
1531,1692,2000
1528,1687,2000
1526,1683,2000
1523,1679,2000
1520,1675,2000
1517,1670,2000
1514,1666,2000
1512,1662,2000
1509,1658,2000
1506,1654,2000
1503,1650,2000
1500,1646,2000
1497,1642,2000
1494,1637,2000
1491,1633,2000
1488,1629,2000
1485,1626,2000
1482,1622,2000
1479,1618,2000
1476,1614,2000
1473,1610,2000
1470,1606,2000
1467,1602,2000
1464,1598,2000
1460,1594,2000
1464,1591,2000
1469,1587,2000
1472,1583,2000
1476,1579,2000
1480,1576,2000
1484,1572,2000
1488,1569,2000
1492,1565,2000
1495,1562,2000
1499,1558,2000
1503,1555,2000
1506,1552,2000
1510,1549,2000
1513,1546,2000
1517,1542,2000
1520,1539,2000
1524,1536,2000
1527,1533,2000
1531,1530,2000
1534,1528,2000
1537,1525,2000
1540,1522,2000
1544,1519,2000
1547,1516,2000
1550,1514,2000
1553,1511,2000
1556,1508,2000
1559,1506,2000
1562,1503,2000
1566,1501,2000
1569,1498,2000
1572,1496,2000
1575,1493,2000
1577,1491,2000
1580,1489,2000
1583,1486,2000
1586,1484,2000
1589,1482,2000
1592,1479,2000
1595,1477,2000
1597,1475,2000
1600,1473,2000
1603,1471,2000
1606,1469,2000
1608,1467,2000
1612,1471,2000
1616,1475,2000
1620,1480,2000
1624,1484,2000
1628,1488,2000
1632,1492,2000
1635,1497,2000
1639,1501,2000
1643,1505,2000
1647,1510,2000
1651,1514,2000
1654,1518,2000
1658,1523,2000
1662,1527,2000
1665,1531,2000
1669,1536,2000
1673,1540,2000
1676,1544,2000
1680,1549,2000
1683,1553,2000
1687,1558,2000
1691,1562,2000
1694,1566,2000
1698,1571,2000
1701,1575,2000
1704,1580,2000
1708,1584,2000
1711,1588,2000
1715,1593,2000
1718,1597,2000
1721,1602,2000
1725,1606,2000
1728,1611,2000
1731,1615,2000
1735,1620,2000
1738,1624,2000
1741,1628,2000
1744,1633,2000
1747,1637,2000
1751,1642,2000
1754,1646,2000
1757,1651,2000
1760,1655,2000
1763,1660,2000
1766,1665,2000
1762,1666,2000
1758,1668,2000
1755,1669,2000
1751,1671,2000
1747,1673,2000
1744,1675,2000
1740,1676,2000
1736,1678,2000
1732,1680,2000
1728,1682,2000
1725,1684,2000
1721,1686,2000
1717,1688,2000
1713,1690,2000
1709,1693,2000
1705,1695,2000
1702,1697,2000
1698,1699,2000
1694,1702,2000
1690,1704,2000
1686,1707,2000
1682,1709,2000
1678,1712,2000
1674,1715,2000
1670,1717,2000
1666,1720,2000
1662,1723,2000
1657,1726,2000
1653,1729,2000
1649,1732,2000
1645,1735,2000
1641,1738,2000
1636,1742,2000
1632,1745,2000
1628,1749,2000
1623,1752,2000
1619,1756,2000
1615,1760,2000
1610,1763,2000
1606,1767,2000
1601,1772,2000
1597,1776,2000
1592,1780,2000
1587,1785,2000
1582,1789,2000
1582,1790,2000
1582,1790,2000
1582,1790,2000
1581,1790,2000
1581,1791,2000
1581,1791,2000
1581,1791,2000
1580,1791,2000
1580,1792,2000
1580,1792,2000
1580,1792,2000
1579,1792,2000
1579,1793,2000
1579,1793,2000
1579,1793,2000
1578,1793,2000
1578,1794,2000
1578,1794,2000
1578,1794,2000
1577,1794,2000
1577,1795,2000
1577,1795,2000
1577,1795,2000
1576,1795,2000
1576,1796,2000
1576,1796,2000
1576,1796,2000
1575,1796,2000
1575,1797,2000
1575,1797,2000
1575,1797,2000
1574,1798,2000
1574,1798,2000
1574,1798,2000
1574,1798,2000
1573,1799,2000
1573,1799,2000
1573,1799,2000
1573,1799,2000
1572,1800,2000
1572,1800,2000
1572,1800,2000
1572,1800,2000
1571,1801,2000
