0.0
12.393162393162392
22.22222222222222
31.62393162393162
50.0
63.67521367521367
78.2051282051282
91.02564102564102
100.42735042735042
121.36752136752136
134.6153846153846
156.83760683760684
169.65811965811966
178.63247863247864
176.4957264957265
129.9145299145299
94.01709401709401
55.128205128205124
35.47008547008547
11.11111111111111
-4.700854700854701
-22.649572649572647
-39.743589743589745
-56.41025641025641
-70.51282051282051
-89.74358974358974
-103.84615384615384
-120.08547008547008
-135.47008547008545
-149.14529914529913
-151.7094017094017
-150.85470085470084
-111.53846153846153
-73.93162393162393
-47.863247863247864
-15.384615384615383
18.376068376068375
24.786324786324784
-5.555555555555555
-23.076923076923077
-46.58119658119658
-57.692307692307686
-64.1025641025641
-31.62393162393162
5.128205128205128
32.47863247863248
69.23076923076923
100.0
170.5128205128205
149.14529914529913
113.67521367521367
76.92307692307692
43.16239316239316
32.9059829059829
-17.94871794871795
-38.46153846153846
-85.47008547008546
-96.58119658119658
-51.70940170940171
-16.666666666666664
4.700854700854701
25.64102564102564
32.9059829059829
26.068376068376068
2.9914529914529915
-15.81196581196581
-39.743589743589745
-51.70940170940171
-52.136752136752136
-35.04273504273504
-16.23931623931624
9.829059829059828
17.52136752136752
11.965811965811966
-6.837606837606837
-23.076923076923077
-41.45299145299145
-50.0
-29.487179487179485
-15.81196581196581
10.256410256410255
25.213675213675213
35.04273504273504
50.85470085470085
36.324786324786324
14.52991452991453
2.9914529914529915
-14.102564102564102
-23.504273504273502
-24.786324786324784
-13.247863247863247
-2.9914529914529915
5.555555555555555
5.128205128205128
-7.692307692307692
-8.974358974358974
0.8547008547008547
5.982905982905983
-3.846153846153846
-14.957264957264957
5.555555555555555
32.47863247863248
-2.9914529914529915
-47.43589743589743
-93.16239316239316
-58.97435897435897
4.273504273504273
27.777777777777775
0.42735042735042733
-44.01709401709402
-85.04273504273503
-127.77777777777777
-158.1196581196581
-131.19658119658118
-42.30769230769231
8.11965811965812
60.256410256410255
129.48717948717947
166.23931623931622
182.47863247863248
143.5897435897436
77.77777777777777
35.04273504273504
-56.837606837606835
-120.51282051282051
-177.77777777777777
-191.02564102564102
-153.4188034188034
-124.35897435897435
-111.1111111111111
-141.45299145299145
-155.98290598290598
-109.4017094017094
-70.51282051282051
-12.393162393162392
-48.717948717948715
-54.27350427350427
-5.982905982905983
47.43589743589743
104.70085470085469
124.35897435897435
102.13675213675214
90.59829059829059
137.17948717948718
162.39316239316238
179.05982905982904
135.04273504273505
47.008547008547005
-32.9059829059829
-96.15384615384615
-166.23931623931622
-190.17094017094016
-162.39316239316238
-121.36752136752136
-79.48717948717949
-48.29059829059829
-9.829059829059828
50.427350427350426
91.45299145299145
132.47863247863248
159.40170940170938
171.36752136752136
169.23076923076923
133.33333333333331
98.71794871794872
70.51282051282051
38.888888888888886
5.128205128205128
-18.376068376068375
-49.14529914529914
-70.51282051282051
-113.24786324786324
-125.2136752136752
-148.7179487179487
-149.14529914529913
-126.06837606837607
-62.39316239316239
-37.60683760683761
30.769230769230766
43.58974358974359
5.982905982905983
-26.068376068376068
-44.01709401709402
-61.53846153846153
-64.52991452991452
-34.61538461538461
-11.538461538461538
17.52136752136752
31.196581196581196
30.769230769230766
-7.264957264957265
-22.22222222222222
-41.02564102564102
-33.76068376068376
-7.692307692307692
13.675213675213675
28.205128205128204
36.75213675213675
24.786324786324784
9.401709401709402
2.9914529914529915
-9.401709401709402
-20.51282051282051
-28.205128205128204
-29.914529914529915
-17.94871794871795
2.1367521367521367
22.22222222222222
32.05128205128205
39.31623931623931
32.9059829059829
9.401709401709402
-4.273504273504273
-18.376068376068375
-21.794871794871796
1.282051282051282
23.931623931623932
12.393162393162392
-5.128205128205128
-20.94017094017094
-26.495726495726494
-4.273504273504273
18.376068376068375
23.076923076923077
5.982905982905983
-7.264957264957265
-16.23931623931624
-16.23931623931624
11.965811965811966
16.23931623931624
-14.102564102564102
-20.94017094017094
-30.769230769230766
-55.55555555555555
-36.324786324786324
10.256410256410255
36.75213675213675
87.17948717948718
100.85470085470085
133.76068376068375
108.11965811965811
64.1025641025641
25.213675213675213
-7.692307692307692
-47.863247863247864
-77.77777777777777
-74.78632478632478
-37.179487179487175
11.538461538461538
52.56410256410256
94.87179487179486
112.82051282051282
145.2991452991453
163.67521367521366
182.05128205128204
190.17094017094016
167.94871794871793
113.67521367521367
80.76923076923076
50.85470085470085
14.957264957264957
-27.777777777777775
-69.65811965811966
-105.12820512820512
-130.76923076923077
-152.56410256410257
-167.0940170940171
-183.76068376068375
-185.89743589743588
-185.89743589743588
-171.36752136752136
-135.04273504273505
-117.52136752136752
-70.08547008547008
-43.16239316239316
-11.538461538461538
2.1367521367521367
164.52991452991452
149.14529914529913
121.36752136752136
97.86324786324786
58.547008547008545
40.17094017094017
14.957264957264957
-7.264957264957265
-25.64102564102564
-47.43589743589743
-70.94017094017094
-100.42735042735042
-125.2136752136752
-143.16239316239316
-156.4102564102564
-156.4102564102564
-144.44444444444443
-136.75213675213675
-104.70085470085469
-97.86324786324786
-84.61538461538461
-66.23931623931624
-41.02564102564102
-9.401709401709402
9.401709401709402
47.863247863247864
101.7094017094017
153.84615384615384
154.7008547008547
119.65811965811966
102.56410256410255
62.82051282051282
-14.52991452991453
-76.49572649572649
-132.47863247863248
-152.13675213675214
-92.73504273504273
-62.39316239316239
-14.52991452991453
60.256410256410255
116.23931623931624
110.25641025641025
27.35042735042735
-23.076923076923077
-60.256410256410255
-33.76068376068376
-2.9914529914529915
44.44444444444444
87.17948717948718
109.82905982905983
109.82905982905983
63.24786324786324
16.666666666666664
-16.666666666666664
-47.43589743589743
-50.0
-4.700854700854701
18.803418803418804
-12.82051282051282
-23.504273504273502
0.8547008547008547
8.974358974358974
15.384615384615383
1.282051282051282
-5.982905982905983
-10.256410256410255
10.683760683760683
21.367521367521366
23.504273504273502
-28.205128205128204
-51.70940170940171
-9.829059829059828
15.384615384615383
38.034188034188034
64.95726495726495
30.34188034188034
-10.256410256410255
-44.01709401709402
-50.0
3.4188034188034186
63.24786324786324
115.8119658119658
36.75213675213675
-20.085470085470085
-87.17948717948718
-119.65811965811966
-42.30769230769231
3.846153846153846
76.06837606837607
111.53846153846153
108.97435897435896
36.324786324786324
5.982905982905983
-34.61538461538461
-65.38461538461539
-90.59829059829059
-111.1111111111111
-125.2136752136752
-124.35897435897435
-64.95726495726495
-47.008547008547005
-14.52991452991453
-3.4188034188034186
27.777777777777775
32.47863247863248
47.008547008547005
70.51282051282051
97.008547008547
121.7948717948718
138.46153846153845
150.0
169.65811965811966
163.24786324786325
130.76923076923077
87.6068376068376
85.04273504273503
88.46153846153845
71.7948717948718
44.01709401709402
22.649572649572647
-3.4188034188034186
-31.62393162393162
-62.39316239316239
-103.84615384615384
-127.77777777777777
-98.71794871794872
-84.61538461538461
-75.64102564102564
-21.794871794871796
38.034188034188034
78.63247863247862
141.8803418803419
181.19658119658118
171.7948717948718
130.34188034188034
93.58974358974359
59.82905982905983
6.837606837606837
-26.068376068376068
-53.84615384615385
-94.87179487179486
-109.4017094017094
-100.85470085470085
-63.67521367521367
-52.136752136752136
-16.666666666666664
9.401709401709402
55.55555555555555
79.91452991452991
135.89743589743588
164.1025641025641
169.65811965811966
128.63247863247864
75.64102564102564
38.034188034188034
-8.974358974358974
-35.04273504273504
-85.8974358974359
-121.36752136752136
-144.87179487179486
-179.9145299145299
-178.63247863247864
-160.68376068376068
-120.51282051282051
-108.97435897435896
-63.24786324786324
-12.393162393162392
25.64102564102564
71.7948717948718
117.09401709401709
157.26495726495725
179.48717948717947
157.69230769230768
123.93162393162393
76.49572649572649
44.44444444444444
10.256410256410255
-21.367521367521366
-46.15384615384615
-78.2051282051282
-111.1111111111111
-138.88888888888889
-150.42735042735043
-118.37606837606837
-81.62393162393163
-43.58974358974359
-11.538461538461538
-3.4188034188034186
29.05982905982906
50.0
41.45299145299145
27.35042735042735
3.846153846153846
-18.803418803418804
-31.62393162393162
-27.777777777777775
-10.683760683760683
5.982905982905983
16.666666666666664
22.22222222222222
8.974358974358974
-8.547008547008547
-14.52991452991453
-21.367521367521366
-5.555555555555555
12.393162393162392
17.52136752136752
-1.282051282051282
-13.247863247863247
-4.700854700854701
16.666666666666664
-9.401709401709402
-7.264957264957265
4.700854700854701
-8.11965811965812
21.367521367521366
9.829059829059828
-19.658119658119656
-9.401709401709402
11.538461538461538
-12.82051282051282
2.9914529914529915
11.11111111111111
-23.504273504273502
-5.128205128205128
6.41025641025641
-12.393162393162392
-31.196581196581196
-3.4188034188034186
5.982905982905983
-13.247863247863247
11.965811965811966
-36.324786324786324
-9.401709401709402
12.82051282051282
30.34188034188034
39.743589743589745
34.18803418803419
6.837606837606837
-21.367521367521366
-41.88034188034188
-34.18803418803419
-1.7094017094017093
24.786324786324784
43.58974358974359
55.98290598290598
61.53846153846153
36.324786324786324
18.803418803418804
-0.8547008547008547
-22.22222222222222
-41.45299145299145
-43.16239316239316
-17.94871794871795
0.8547008547008547
20.51282051282051
52.99145299145299
63.24786324786324
71.7948717948718
36.324786324786324
-10.256410256410255
-42.30769230769231
-63.24786324786324
-49.14529914529914
-9.829059829059828
41.88034188034188
88.03418803418803
123.5042735042735
137.6068376068376
69.23076923076923
8.547008547008547
-63.67521367521367
-118.8034188034188
-123.5042735042735
-144.87179487179486
-103.84615384615384
-38.034188034188034
33.33333333333333
119.65811965811966
173.5042735042735
137.17948717948718
70.51282051282051
5.555555555555555
-49.57264957264957
-92.73504273504273
-123.07692307692307
-152.99145299145297
-177.35042735042734
-197.43589743589743
-200.0
-178.63247863247864
-164.52991452991452
-127.77777777777777
-91.02564102564102
-53.84615384615385
2.9914529914529915
40.17094017094017
80.34188034188034
137.17948717948718
172.64957264957263
190.17094017094016
175.2136752136752
165.3846153846154
144.01709401709402
117.94871794871794
93.16239316239316
67.09401709401709
28.63247863247863
-8.974358974358974
-46.58119658119658
-63.24786324786324
-86.75213675213675
-100.85470085470085
-119.23076923076923
-147.43589743589743
-144.01709401709402
-131.6239316239316
-70.51282051282051
-26.495726495726494
8.11965811965812
65.8119658119658
105.12820512820512
103.84615384615384
78.2051282051282
44.01709401709402
2.9914529914529915
-41.88034188034188
-70.94017094017094
-91.45299145299145
-68.8034188034188
-50.85470085470085
-13.247863247863247
29.487179487179485
55.55555555555555
75.21367521367522
67.94871794871794
27.777777777777775
4.273504273504273
-25.64102564102564
-53.84615384615385
-16.666666666666664
-1.7094017094017093
27.777777777777775
25.64102564102564
5.555555555555555
-8.974358974358974
-13.675213675213675
9.401709401709402
14.957264957264957
2.9914529914529915
-8.974358974358974
-8.11965811965812
6.41025641025641
-8.974358974358974
-6.41025641025641
3.846153846153846
1.282051282051282
0.42735042735042733
0.8547008547008547
0.8547008547008547
0.8547008547008547
0.8547008547008547
0.8547008547008547
1.282051282051282
