252.0 166.0 2
219.0 166.0 2
219.0 187.0 2
249.0 185.0 2
249.0 205.0 2
222.0 204.0 2
222.0 204.0 1
271.0 165.0 2
270.0 201.0 2
272.0 201.0 1
295.0 201.0 2
265.0 185.0 2
287.0 165.0 2
287.0 165.0 1
310.0 200.0 2
328.0 165.0 2
328.0 165.0 1
308.0 167.0 2
325.0 180.0 2
325.0 180.0 1
344.0 197.0 2
344.0 164.0 2
360.0 193.0 2
361.0 165.0 2
361.0 165.0 1
400.0 166.0 2
380.0 168.0 2
380.0 195.0 2
396.0 195.0 2
396.0 195.0 1
400.0 181.0 2
377.0 181.0 2
377.0 181.0 1
419.0 166.0 2
454.0 167.0 2
454.0 167.0 1
433.0 168.0 2
435.0 169.0 2
435.0 192.0 2
