236.0 138.0 2
210.0 139.0 2
210.0 159.0 2
236.0 159.0 2
236.0 178.0 2
212.0 178.0 2
212.0 178.0 1
248.0 137.0 2
248.0 180.0 2
248.0 180.0 1
265.0 136.0 2
239.0 159.0 2
267.0 180.0 2
267.0 180.0 1
275.0 136.0 2
288.0 152.0 2
288.0 152.0 1
295.0 135.0 2
279.0 178.0 2
279.0 178.0 1
304.0 179.0 2
302.0 135.0 2
317.0 177.0 2
315.0 133.0 2
315.0 133.0 1
347.0 133.0 2
329.0 135.0 2
329.0 177.0 2
348.0 175.0 2
348.0 175.0 1
330.0 154.0 2
341.0 155.0 2
325.0 155.0 2
325.0 155.0 1
358.0 134.0 2
390.0 134.0 2
390.0 134.0 1
369.0 135.0 2
368.0 176.0 2
