1688,1755,2000
1689,1754,2000
1690,1753,2000
1691,1752,2000
1692,1751,2000
1693,1751,2000
1694,1750,2000
1695,1749,2000
1696,1748,2000
1697,1747,2000
1698,1747,2000
1699,1746,2000
1701,1745,2000
1702,1744,2000
1703,1743,2000
1704,1743,2000
1705,1742,2000
1706,1741,2000
1707,1740,2000
1708,1740,2000
1709,1739,2000
1710,1738,2000
1711,1737,2000
1712,1737,2000
1713,1736,2000
1714,1735,2000
1715,1734,2000
1716,1734,2000
1717,1733,2000
1718,1732,2000
1719,1732,2000
1720,1731,2000
1721,1730,2000
1722,1730,2000
1723,1729,2000
1724,1728,2000
1725,1727,2000
1726,1727,2000
1727,1726,2000
1728,1725,2000
1729,1725,2000
1730,1724,2000
1731,1723,2000
1732,1723,2000
1733,1722,2000
1734,1721,2000
1733,1720,2000
1733,1719,2000
1732,1718,2000
1731,1717,2000
1730,1716,2000
1729,1715,2000
1728,1714,2000
1728,1712,2000
1727,1711,2000
1726,1710,2000
1725,1709,2000
1724,1708,2000
1724,1707,2000
1723,1706,2000
1722,1705,2000
1721,1703,2000
1720,1702,2000
1719,1701,2000
1719,1700,2000
1718,1699,2000
1717,1698,2000
1716,1697,2000
1715,1696,2000
1714,1694,2000
1713,1693,2000
1713,1692,2000
1712,1691,2000
1711,1690,2000
1710,1689,2000
1709,1688,2000
1708,1687,2000
1708,1686,2000
1707,1684,2000
1706,1683,2000
1705,1682,2000
1704,1681,2000
1703,1680,2000
1702,1679,2000
1701,1678,2000
1701,1677,2000
1700,1676,2000
1699,1675,2000
1698,1673,2000
1697,1672,2000
1696,1671,2000
1697,1671,2000
1698,1670,2000
1699,1669,2000
1700,1669,2000
1701,1668,2000
1702,1667,2000
1703,1667,2000
1704,1666,2000
1705,1665,2000
1706,1665,2000
1707,1664,2000
1707,1664,2000
1708,1663,2000
1709,1662,2000
1710,1662,2000
1711,1661,2000
1712,1661,2000
1713,1660,2000
1714,1659,2000
1715,1659,2000
1716,1658,2000
1717,1658,2000
1718,1657,2000
1719,1656,2000
1719,1656,2000
1720,1655,2000
1721,1655,2000
1722,1654,2000
1723,1653,2000
1724,1653,2000
1725,1652,2000
1726,1652,2000
1727,1651,2000
1728,1651,2000
1729,1650,2000
1729,1650,2000
1730,1649,2000
1731,1648,2000
1732,1648,2000
1733,1647,2000
1734,1647,2000
1735,1646,2000
1736,1646,2000
1737,1645,2000
1738,1645,2000
1738,1646,2000
1739,1647,2000
1740,1648,2000
1740,1649,2000
1741,1650,2000
1742,1651,2000
1742,1653,2000
1743,1654,2000
1744,1655,2000
1744,1656,2000
1745,1657,2000
1746,1658,2000
1746,1659,2000
1747,1661,2000
1748,1662,2000
1748,1663,2000
1749,1664,2000
1750,1665,2000
1750,1666,2000
1751,1667,2000
1752,1669,2000
1752,1670,2000
1753,1671,2000
1754,1672,2000
1754,1673,2000
1755,1674,2000
1756,1675,2000
1756,1677,2000
1757,1678,2000
1758,1679,2000
1758,1680,2000
1759,1681,2000
1759,1682,2000
1760,1683,2000
1761,1685,2000
1761,1686,2000
1762,1687,2000
1763,1688,2000
1763,1689,2000
1764,1690,2000
1764,1691,2000
1765,1693,2000
1766,1694,2000
1766,1695,2000
1767,1696,2000
1764,1694,2000
1761,1693,2000
1757,1691,2000
1754,1689,2000
1751,1687,2000
1748,1686,2000
1745,1684,2000
1741,1682,2000
1738,1681,2000
1735,1679,2000
1732,1678,2000
1729,1676,2000
1725,1674,2000
1722,1673,2000
1719,1671,2000
1716,1670,2000
1713,1668,2000
1709,1667,2000
1706,1665,2000
1703,1664,2000
1700,1662,2000
1697,1661,2000
1693,1659,2000
1690,1658,2000
1687,1656,2000
1684,1655,2000
1681,1653,2000
1677,1652,2000
1674,1651,2000
1671,1649,2000
1668,1648,2000
1665,1647,2000
1661,1645,2000
1658,1644,2000
1655,1643,2000
1652,1641,2000
1648,1640,2000
1645,1639,2000
1642,1638,2000
1639,1636,2000
1635,1635,2000
1632,1634,2000
1629,1633,2000
1626,1632,2000
1622,1630,1000
1624,1629,1000
1625,1628,1000
1627,1627,1000
1628,1626,1000
1630,1625,1000
1631,1624,1000
1632,1623,1000
1634,1622,1000
1635,1620,1000
1637,1619,1000
1638,1618,1000
1640,1617,1000
1641,1616,1000
1642,1615,1000
1644,1614,1000
1645,1613,1000
1646,1612,1000
1648,1611,1000
1649,1610,1000
1651,1609,1000
1652,1608,1000
1653,1607,1000
1655,1606,1000
1656,1605,1000
1657,1604,1000
1659,1603,1000
1660,1602,1000
1661,1601,1000
1663,1600,1000
1664,1599,1000
1665,1598,1000
1667,1598,1000
1668,1597,1000
1669,1596,1000
1671,1595,1000
1672,1594,1000
1673,1593,1000
1675,1592,1000
1676,1591,1000
1677,1590,1000
1679,1590,1000
1680,1589,1000
1681,1588,1000
1682,1587,1000
1684,1586,2000
1682,1586,2000
1680,1586,2000
1678,1586,2000
1677,1586,2000
1675,1586,2000
1673,1586,2000
1671,1586,2000
1670,1586,2000
1668,1586,2000
1666,1587,2000
1664,1587,2000
1663,1587,2000
1661,1587,2000
1659,1587,2000
1657,1587,2000
1656,1587,2000
1654,1587,2000
1652,1587,2000
1650,1587,2000
1648,1588,2000
1647,1588,2000
1645,1588,2000
1643,1588,2000
1641,1588,2000
1640,1588,2000
1638,1589,2000
1636,1589,2000
1634,1589,2000
1633,1589,2000
1631,1589,2000
1629,1589,2000
1627,1590,2000
1625,1590,2000
1624,1590,2000
1622,1590,2000
1620,1591,2000
1618,1591,2000
1616,1591,2000
1615,1591,2000
1613,1592,2000
1611,1592,2000
1609,1592,2000
1608,1592,2000
1606,1593,2000
1604,1593,1000
1605,1593,1000
1606,1593,1000
1607,1593,1000
1608,1594,1000
1609,1594,1000
1610,1594,1000
1611,1594,1000
1612,1594,1000
1613,1594,1000
1615,1594,1000
1616,1595,1000
1617,1595,1000
1618,1595,1000
1619,1595,1000
1620,1595,1000
1621,1595,1000
1622,1595,1000
1623,1596,1000
1624,1596,1000
1625,1596,1000
1626,1596,1000
1627,1596,1000
1628,1596,1000
1629,1597,1000
1630,1597,1000
1631,1597,1000
1633,1597,1000
1634,1597,1000
1635,1597,1000
1636,1598,1000
1637,1598,1000
1638,1598,1000
1639,1598,1000
1640,1598,1000
1641,1599,1000
1642,1599,1000
1643,1599,1000
1644,1599,1000
1645,1599,1000
1646,1600,1000
1647,1600,1000
1648,1600,1000
1649,1600,1000
1651,1600,1000
1652,1601,2000
1652,1599,2000
1652,1598,2000
1652,1597,2000
1652,1596,2000
1652,1595,2000
1652,1594,2000
1652,1592,2000
1652,1591,2000
1652,1590,2000
1653,1589,2000
1653,1588,2000
1653,1587,2000
1653,1585,2000
1653,1584,2000
1653,1583,2000
1653,1582,2000
1653,1581,2000
1653,1580,2000
1653,1578,2000
1653,1577,2000
1653,1576,2000
1653,1575,2000
1653,1574,2000
1653,1573,2000
1654,1571,2000
1654,1570,2000
1654,1569,2000
1654,1568,2000
1654,1567,2000
1654,1566,2000
1654,1565,2000
1654,1563,2000
1654,1562,2000
1654,1561,2000
1654,1560,2000
1654,1559,2000
1654,1558,2000
1654,1557,2000
1654,1555,2000
1654,1554,2000
1654,1553,2000
1654,1552,2000
1654,1551,2000
1654,1550,2000
1654,1549,2000
1652,1548,2000
1650,1547,2000
1647,1547,2000
1645,1546,2000
1643,1546,2000
1641,1545,2000
1639,1545,2000
1637,1544,2000
1635,1544,2000
1632,1543,2000
1630,1543,2000
1628,1542,2000
1626,1542,2000
1624,1541,2000
1622,1541,2000
1619,1540,2000
1617,1540,2000
1615,1539,2000
1613,1539,2000
1611,1538,2000
1609,1538,2000
1607,1537,2000
1604,1537,2000
1602,1537,2000
1600,1536,2000
1598,1536,2000
1596,1535,2000
1594,1535,2000
1591,1535,2000
1589,1534,2000
1587,1534,2000
1585,1534,2000
1583,1533,2000
1581,1533,2000
1578,1533,2000
1576,1532,2000
1574,1532,2000
1572,1532,2000
1570,1531,2000
1568,1531,2000
1566,1531,2000
1563,1531,2000
1561,1530,2000
1559,1530,2000
1557,1530,1000
1558,1529,1000
1560,1529,1000
1561,1529,1000
1562,1528,1000
1563,1528,1000
1565,1528,1000
1566,1527,1000
1567,1527,1000
1569,1526,1000
1570,1526,1000
1571,1526,1000
1573,1525,1000
1574,1525,1000
1575,1525,1000
1577,1524,1000
1578,1524,1000
1579,1524,1000
1581,1524,1000
1582,1523,1000
1583,1523,1000
1585,1523,1000
1586,1522,1000
1587,1522,1000
1588,1522,1000
1590,1521,1000
1591,1521,1000
1592,1521,1000
1594,1521,1000
1595,1520,1000
1596,1520,1000
1598,1520,1000
1599,1520,1000
1600,1519,1000
1601,1519,1000
1603,1519,1000
1604,1519,1000
1605,1518,1000
1607,1518,1000
1608,1518,1000
1609,1518,1000
1610,1517,1000
1612,1517,1000
1613,1517,1000
1614,1517,1000
1616,1517,2000
1615,1518,2000
1614,1519,2000
1613,1520,2000
1613,1521,2000
1612,1522,2000
1611,1523,2000
1611,1524,2000
1610,1525,2000
1609,1526,2000
1608,1527,2000
1608,1528,2000
1607,1529,2000
1606,1530,2000
1605,1531,2000
1605,1532,2000
1604,1533,2000
1603,1534,2000
1602,1535,2000
1602,1536,2000
1601,1537,2000
1600,1538,2000
1599,1539,2000
1599,1540,2000
1598,1541,2000
1597,1542,2000
1596,1543,2000
1596,1544,2000
1595,1545,2000
1594,1546,2000
1593,1547,2000
1592,1548,2000
1592,1549,2000
1591,1551,2000
1590,1552,2000
1589,1553,2000
1588,1554,2000
1588,1555,2000
1587,1556,2000
1586,1557,2000
1585,1558,2000
1584,1559,2000
1583,1560,2000
1583,1561,2000
1582,1563,2000
1581,1564,1000
1581,1563,1000
1581,1562,1000
1581,1561,1000
1581,1560,1000
1581,1560,1000
1581,1559,1000
1581,1558,1000
1581,1557,1000
1581,1556,1000
1581,1555,1000
1581,1555,1000
1581,1554,1000
1581,1553,1000
1581,1552,1000
1581,1551,1000
1581,1551,1000
1581,1550,1000
1581,1549,1000
1581,1548,1000
1581,1547,1000
1581,1546,1000
1581,1546,1000
1581,1545,1000
1581,1544,1000
1581,1543,1000
1581,1542,1000
1581,1542,1000
1581,1541,1000
1581,1540,1000
1581,1539,1000
1581,1538,1000
1581,1538,1000
1581,1537,1000
1581,1536,1000
1581,1535,1000
1581,1534,1000
1581,1533,1000
1581,1533,1000
1580,1532,1000
1580,1531,1000
1580,1530,1000
1580,1529,1000
1580,1529,1000
1580,1528,1000
1580,1527,2000
1580,1526,2000
1580,1524,2000
1580,1523,2000
1580,1522,2000
1580,1521,2000
1580,1519,2000
1580,1518,2000
1580,1517,2000
1580,1516,2000
1580,1514,2000
1579,1513,2000
1579,1512,2000
1579,1511,2000
1579,1509,2000
1579,1508,2000
1579,1507,2000
1579,1506,2000
1579,1504,2000
1579,1503,2000
1578,1502,2000
1578,1501,2000
1578,1499,2000
1578,1498,2000
1578,1497,2000
1578,1496,2000
1578,1494,2000
1578,1493,2000
1577,1492,2000
1577,1491,2000
1577,1489,2000
1577,1488,2000
1577,1487,2000
1577,1486,2000
1576,1484,2000
1576,1483,2000
1576,1482,2000
1576,1481,2000
1576,1479,2000
1576,1478,2000
1575,1477,2000
1575,1476,2000
1575,1474,2000
1575,1473,2000
1575,1472,2000
1575,1471,1000
1574,1471,1000
1573,1472,1000
1572,1473,1000
1571,1474,1000
1570,1474,1000
1570,1475,1000
1569,1476,1000
1568,1476,1000
1567,1477,1000
1566,1478,1000
1565,1478,1000
1564,1479,1000
1564,1480,1000
1563,1481,1000
1562,1481,1000
1561,1482,1000
1560,1483,1000
1559,1484,1000
1558,1484,1000
1557,1485,1000
1557,1486,1000
1556,1487,1000
1555,1487,1000
1554,1488,1000
1553,1489,1000
1552,1490,1000
1551,1490,1000
1550,1491,1000
1549,1492,1000
1549,1493,1000
1548,1494,1000
1547,1494,1000
1546,1495,1000
1545,1496,1000
1544,1497,1000
1543,1497,1000
1542,1498,1000
1541,1499,1000
1540,1500,1000
1539,1501,1000
1538,1502,1000
1538,1502,1000
1537,1503,1000
1536,1504,1000
1535,1505,2000
1535,1503,2000
1535,1501,2000
1535,1500,2000
1535,1498,2000
1535,1496,2000
1535,1495,2000
1535,1493,2000
1536,1491,2000
1536,1489,2000
1536,1488,2000
1536,1486,2000
1536,1484,2000
1536,1483,2000
1536,1481,2000
1536,1479,2000
1536,1478,2000
1536,1476,2000
1536,1474,2000
1536,1472,2000
1536,1471,2000
1536,1469,2000
1536,1467,2000
1536,1466,2000
1536,1464,2000
1536,1462,2000
1536,1461,2000
1536,1459,2000
1536,1457,2000
1536,1456,2000
1536,1454,2000
1536,1452,2000
1536,1451,2000
1536,1449,2000
1536,1447,2000
1536,1446,2000
1536,1444,2000
1536,1442,2000
1536,1441,2000
1536,1439,2000
1535,1437,2000
1535,1436,2000
1535,1434,2000
1535,1432,2000
1535,1431,2000
1535,1429,2000
1534,1430,2000
1533,1431,2000
1533,1432,2000
1532,1432,2000
1531,1433,2000
1531,1434,2000
1530,1435,2000
1529,1436,2000
1528,1437,2000
1528,1437,2000
1527,1438,2000
1526,1439,2000
1525,1440,2000
1525,1441,2000
1524,1442,2000
1523,1442,2000
1523,1443,2000
1522,1444,2000
1521,1445,2000
1520,1446,2000
1519,1447,2000
1519,1448,2000
1518,1448,2000
1517,1449,2000
1516,1450,2000
1516,1451,2000
1515,1452,2000
1514,1453,2000
1513,1454,2000
1513,1455,2000
1512,1455,2000
1511,1456,2000
1510,1457,2000
1509,1458,2000
1509,1459,2000
1508,1460,2000
1507,1461,2000
1506,1462,2000
1505,1463,2000
1504,1464,2000
1504,1465,2000
1503,1465,2000
1502,1466,2000
1501,1467,2000
1500,1468,2000
1499,1467,2000
1498,1465,2000
1496,1463,2000
1495,1462,2000
1493,1460,2000
1492,1458,2000
1491,1457,2000
1489,1455,2000
1488,1454,2000
1486,1452,2000
1485,1450,2000
1484,1449,2000
1482,1447,2000
1481,1446,2000
1479,1444,2000
1478,1442,2000
1476,1441,2000
1475,1439,2000
1474,1437,2000
1472,1436,2000
1471,1434,2000
1469,1433,2000
1468,1431,2000
1466,1430,2000
1465,1428,2000
1463,1426,2000
1462,1425,2000
1461,1423,2000
1459,1422,2000
1458,1420,2000
1456,1418,2000
1455,1417,2000
1453,1415,2000
1452,1414,2000
1450,1412,2000
1449,1411,2000
1447,1409,2000
1446,1407,2000
1444,1406,2000
1443,1404,2000
1441,1403,2000
1440,1401,2000
1438,1400,2000
1437,1398,2000
1435,1397,1000
1436,1397,1000
1437,1398,1000
1438,1399,1000
1439,1399,1000
1440,1400,1000
1441,1401,1000
1442,1401,1000
1443,1402,1000
1444,1403,1000
1445,1404,1000
1446,1404,1000
1447,1405,1000
1448,1406,1000
1449,1406,1000
1450,1407,1000
1451,1408,1000
1452,1409,1000
1453,1409,1000
1454,1410,1000
1455,1411,1000
1456,1412,1000
1457,1412,1000
1458,1413,1000
1459,1414,1000
1460,1414,1000
1461,1415,1000
1462,1416,1000
1463,1417,1000
1464,1417,1000
1465,1418,1000
1466,1419,1000
1467,1420,1000
1468,1420,1000
1469,1421,1000
1470,1422,1000
1471,1423,1000
1472,1423,1000
1473,1424,1000
1474,1425,1000
1475,1426,1000
1476,1426,1000
1477,1427,1000
1478,1428,1000
1479,1429,1000
1480,1429,2000
1480,1428,2000
1481,1428,2000
1482,1427,2000
1483,1426,2000
1483,1425,2000
1484,1424,2000
1485,1423,2000
1485,1422,2000
1486,1421,2000
1487,1421,2000
1487,1420,2000
1488,1419,2000
1489,1418,2000
1489,1417,2000
1490,1416,2000
1491,1415,2000
1492,1415,2000
1492,1414,2000
1493,1413,2000
1494,1412,2000
1494,1411,2000
1495,1410,2000
1495,1410,2000
1496,1409,2000
1497,1408,2000
1497,1407,2000
1498,1406,2000
1499,1405,2000
1499,1405,2000
1500,1404,2000
1501,1403,2000
1501,1402,2000
1502,1401,2000
1503,1401,2000
1503,1400,2000
1504,1399,2000
1504,1398,2000
1505,1397,2000
1506,1397,2000
1506,1396,2000
1507,1395,2000
1507,1394,2000
1508,1393,2000
1509,1393,2000
1509,1392,2000
1509,1391,2000
1508,1390,2000
1507,1390,2000
1506,1389,2000
1506,1388,2000
1505,1388,2000
1504,1387,2000
1504,1386,2000
1503,1385,2000
1502,1385,2000
1501,1384,2000
1501,1383,2000
1500,1383,2000
1499,1382,2000
1499,1381,2000
1498,1381,2000
1497,1380,2000
1496,1379,2000
1496,1379,2000
1495,1378,2000
1494,1377,2000
1494,1377,2000
1493,1376,2000
1492,1375,2000
1492,1375,2000
1491,1374,2000
1490,1373,2000
1489,1372,2000
1489,1372,2000
1488,1371,2000
1487,1370,2000
1486,1370,2000
1486,1369,2000
1485,1368,2000
1484,1368,2000
1483,1367,2000
1483,1366,2000
1482,1366,2000
1481,1365,2000
1481,1364,2000
1480,1364,2000
1479,1363,2000
1478,1362,2000
1478,1362,2000
1477,1361,2000
1477,1362,2000
1478,1363,2000
1478,1364,2000
1478,1365,2000
1479,1366,2000
1479,1368,2000
1480,1369,2000
1480,1370,2000
1480,1371,2000
1481,1372,2000
1481,1373,2000
1481,1374,2000
1482,1375,2000
1482,1376,2000
1482,1378,2000
1483,1379,2000
1483,1380,2000
1483,1381,2000
1484,1382,2000
1484,1383,2000
1484,1384,2000
1485,1385,2000
1485,1386,2000
1485,1387,2000
1486,1389,2000
1486,1390,2000
1486,1391,2000
1487,1392,2000
1487,1393,2000
1487,1394,2000
1487,1395,2000
1488,1396,2000
1488,1397,2000
1488,1399,2000
1489,1400,2000
1489,1401,2000
1489,1402,2000
1490,1403,2000
1490,1404,2000
1490,1405,2000
1490,1406,2000
1491,1407,2000
1491,1408,2000
1491,1410,2000
1492,1411,1000
1491,1410,1000
1490,1409,1000
1490,1409,1000
1489,1408,1000
1488,1408,1000
1488,1407,1000
1487,1406,1000
1487,1406,1000
1486,1405,1000
1485,1405,1000
1485,1404,1000
1484,1403,1000
1483,1403,1000
1483,1402,1000
1482,1402,1000
1482,1401,1000
1481,1400,1000
1480,1400,1000
1480,1399,1000
1479,1399,1000
1478,1398,1000
1478,1397,1000
1477,1397,1000
1477,1396,1000
1476,1396,1000
1475,1395,1000
1475,1394,1000
1474,1394,1000
1473,1393,1000
1473,1393,1000
1472,1392,1000
1472,1392,1000
1471,1391,1000
1470,1390,1000
1470,1390,1000
1469,1389,1000
1468,1389,1000
1468,1388,1000
1467,1387,1000
1466,1387,1000
1466,1386,1000
1465,1386,1000
1465,1385,1000
1464,1384,1000
1463,1384,2000
1462,1383,2000
1461,1383,2000
1459,1383,2000
1458,1382,2000
1457,1382,2000
1455,1382,2000
1454,1381,2000
1453,1381,2000
1451,1380,2000
1450,1380,2000
1449,1380,2000
1448,1379,2000
1446,1379,2000
1445,1379,2000
1444,1378,2000
1442,1378,2000
1441,1378,2000
1440,1377,2000
1438,1377,2000
1437,1377,2000
1436,1376,2000
1434,1376,2000
1433,1375,2000
1432,1375,2000
1430,1375,2000
1429,1375,2000
1428,1374,2000
1426,1374,2000
1425,1374,2000
1424,1373,2000
1423,1373,2000
1421,1373,2000
1420,1372,2000
1419,1372,2000
1417,1372,2000
1416,1371,2000
1415,1371,2000
1413,1371,2000
1412,1371,2000
1411,1370,2000
1409,1370,2000
1408,1370,2000
1407,1369,2000
1405,1369,2000
1404,1369,1000
1403,1368,1000
1402,1367,1000
1400,1366,1000
1399,1365,1000
1398,1364,1000
1397,1363,1000
1396,1363,1000
1394,1362,1000
1393,1361,1000
1392,1360,1000
1391,1359,1000
1390,1358,1000
1389,1357,1000
1387,1356,1000
1386,1355,1000
1385,1355,1000
1384,1354,1000
1383,1353,1000
1381,1352,1000
1380,1351,1000
1379,1350,1000
1378,1349,1000
1377,1348,1000
1375,1347,1000
1374,1347,1000
1373,1346,1000
1372,1345,1000
1371,1344,1000
1369,1343,1000
1368,1342,1000
1367,1341,1000
1366,1341,1000
1365,1340,1000
1363,1339,1000
1362,1338,1000
1361,1337,1000
1360,1336,1000
1359,1335,1000
1357,1335,1000
1356,1334,1000
1355,1333,1000
1354,1332,1000
1352,1331,1000
1351,1330,1000
1350,1330,2000
1351,1330,2000
1352,1330,2000
1352,1331,2000
1353,1331,2000
1354,1331,2000
1355,1331,2000
1356,1332,2000
1356,1332,2000
1357,1332,2000
1358,1333,2000
1359,1333,2000
1360,1333,2000
1360,1334,2000
1361,1334,2000
1362,1334,2000
1363,1335,2000
1363,1335,2000
1364,1335,2000
1365,1336,2000
1366,1336,2000
1367,1336,2000
1367,1337,2000
1368,1337,2000
1369,1338,2000
1370,1338,2000
1371,1338,2000
1371,1339,2000
1372,1339,2000
1373,1339,2000
1374,1340,2000
1374,1340,2000
1375,1340,2000
1376,1341,2000
1377,1341,2000
1378,1341,2000
1378,1342,2000
1379,1342,2000
1380,1342,2000
1381,1343,2000
1382,1343,2000
1382,1343,2000
1383,1344,2000
1384,1344,2000
1385,1344,2000
1385,1345,1000
1386,1344,1000
1386,1343,1000
1387,1342,1000
1387,1342,1000
1388,1341,1000
1388,1340,1000
1389,1339,1000
1389,1338,1000
1390,1338,1000
1390,1337,1000
1391,1336,1000
1391,1335,1000
1392,1334,1000
1392,1334,1000
1393,1333,1000
1393,1332,1000
1394,1331,1000
1394,1330,1000
1395,1330,1000
1395,1329,1000
1395,1328,1000
1396,1327,1000
1396,1326,1000
1397,1326,1000
1397,1325,1000
1398,1324,1000
1398,1323,1000
1399,1322,1000
1399,1322,1000
1399,1321,1000
1400,1320,1000
1400,1319,1000
1401,1319,1000
1401,1318,1000
1402,1317,1000
1402,1316,1000
1402,1315,1000
1403,1315,1000
1403,1314,1000
1404,1313,1000
1404,1312,1000
1405,1312,1000
1405,1311,1000
1405,1310,1000
