1750,1611,2000
1757,1607,2000
1764,1604,2000
1771,1600,2000
1778,1597,2000
1785,1594,2000
1772,1579,2000
1759,1564,2000
1746,1549,2000
1732,1534,2000
1719,1519,2000
1724,1515,2000
1730,1512,2000
1736,1509,2000
1741,1506,2000
1746,1503,2000
1760,1519,2000
1773,1535,2000
1786,1551,2000
1798,1567,2000
1810,1583,2000
1771,1559,2000
1733,1537,2000
1695,1516,2000
1658,1497,2000
1621,1480,1000
1634,1470,1000
1647,1460,1000
1660,1451,1000
1672,1443,1000
1683,1435,2000
1676,1438,2000
1669,1441,2000
1662,1444,2000
1655,1447,2000
1648,1450,1000
1632,1444,1000
1616,1438,1000
1600,1432,1000
1585,1427,1000
1569,1422,2000
1584,1427,2000
1598,1432,2000
1612,1437,2000
1626,1443,2000
1640,1450,1000
1635,1434,1000
1630,1419,1000
1624,1403,1000
1618,1388,1000
1611,1372,2000
1597,1375,2000
1582,1379,2000
1567,1384,2000
1552,1390,2000
1537,1396,1000
1533,1383,1000
1529,1369,1000
1524,1356,1000
1520,1342,1000
1515,1329,2000
1504,1331,2000
1493,1333,2000
1482,1335,2000
1470,1338,2000
1459,1341,1000
1481,1335,1000
1503,1331,1000
1525,1329,1000
1546,1328,1000
1567,1328,2000
1546,1308,2000
1525,1288,2000
1504,1269,2000
1483,1249,2000
1462,1230,1000
1455,1245,1000
1447,1259,1000
1439,1274,1000
1429,1289,1000
1419,1305,2000
1418,1281,2000
1416,1256,2000
1412,1232,2000
1407,1207,2000
1401,1182,2000
1397,1200,2000
1392,1219,2000
1386,1238,2000
1379,1257,2000
1370,1277,2000
1349,1258,2000
1328,1241,2000
1306,1224,2000
1284,1207,2000
1262,1191,1000
1277,1202,1000
1293,1212,1000
1308,1223,1000
1324,1234,1000
1339,1245,2000
1347,1227,2000
1353,1209,2000
1359,1191,2000
1363,1174,2000
1367,1156,2000
1352,1144,2000
1338,1133,2000
1323,1121,2000
1308,1110,2000
1294,1099,2000
1305,1119,2000
1317,1139,2000
1327,1158,2000
1338,1178,2000
1348,1197,1000
1336,1187,1000
1324,1177,1000
1313,1166,1000
1301,1157,1000
1289,1147,2000
1278,1153,2000
1267,1159,2000
1255,1166,2000
1243,1173,2000
1230,1180,1000
1208,1167,1000
1185,1154,1000
1162,1142,1000
1139,1131,1000
1115,1120,2000
1127,1126,2000
1139,1132,2000
1151,1138,2000
1163,1144,2000
1175,1150,1000
1183,1132,1000
1190,1114,1000
1196,1097,1000
1201,1079,1000
