206.0 175.0 1
203.0 171.0 1
196.0 170.0 1
191.0 170.0 1
190.0 173.0 1
190.0 176.0 1
193.0 185.0 1
195.0 187.0 1
198.0 187.0 1
201.0 187.0 1
204.0 187.0 1
205.0 189.0 1
205.0 197.0 1
195.0 203.0 1
193.0 203.0 1
192.0 202.0 1
191.0 201.0 1
219.0 171.0 0
219.0 174.0 1
220.0 177.0 1
220.0 179.0 1
220.0 183.0 1
218.0 188.0 1
218.0 191.0 1
218.0 194.0 1
219.0 196.0 1
219.0 200.0 1
219.0 203.0 1
220.0 207.0 1
219.0 188.0 0
223.0 186.0 1
228.0 181.0 1
229.0 179.0 1
231.0 177.0 1
233.0 173.0 1
234.0 172.0 1
222.0 186.0 0
223.0 187.0 1
226.0 189.0 1
228.0 193.0 1
230.0 193.0 1
230.0 195.0 1
231.0 197.0 1
232.0 199.0 1
233.0 202.0 1
234.0 204.0 1
234.0 204.0 1
243.0 172.0 0
245.0 174.0 1
246.0 175.0 1
248.0 177.0 1
249.0 178.0 1
250.0 179.0 1
251.0 182.0 1
252.0 183.0 1
253.0 184.0 1
260.0 167.0 0
260.0 170.0 1
257.0 176.0 1
255.0 186.0 1
253.0 186.0 1
252.0 190.0 1
251.0 191.0 1
248.0 200.0 1
247.0 202.0 1
246.0 202.0 1
246.0 203.0 1
267.0 204.0 0
266.0 204.0 1
266.0 202.0 1
266.0 200.0 1
267.0 196.0 1
267.0 194.0 1
267.0 194.0 1
267.0 192.0 1
268.0 190.0 1
268.0 189.0 1
268.0 187.0 1
268.0 186.0 1
268.0 183.0 1
268.0 181.0 1
268.0 180.0 1
268.0 177.0 1
267.0 175.0 1
268.0 173.0 1
268.0 172.0 1
268.0 172.0 0
271.0 177.0 1
272.0 181.0 1
272.0 183.0 1
274.0 189.0 1
279.0 200.0 1
280.0 202.0 1
280.0 203.0 1
280.0 202.0 1
280.0 200.0 1
280.0 192.0 1
280.0 189.0 1
280.0 187.0 1
279.0 185.0 1
279.0 183.0 1
279.0 181.0 1
278.0 179.0 1
278.0 178.0 1
278.0 176.0 1
278.0 175.0 1
279.0 173.0 1
279.0 172.0 1
279.0 170.0 1
303.0 171.0 0
302.0 171.0 1
298.0 171.0 1
296.0 171.0 1
294.0 171.0 1
293.0 172.0 1
292.0 172.0 1
290.0 172.0 1
291.0 180.0 1
292.0 182.0 1
292.0 185.0 1
293.0 193.0 1
293.0 196.0 1
292.0 200.0 1
292.0 201.0 1
292.0 202.0 1
294.0 202.0 1
300.0 201.0 1
305.0 201.0 1
307.0 200.0 1
293.0 188.0 0
295.0 187.0 1
297.0 187.0 1
298.0 187.0 1
300.0 187.0 1
302.0 187.0 1
302.0 187.0 1
311.0 172.0 0
314.0 171.0 1
316.0 171.0 1
317.0 171.0 1
320.0 172.0 1
322.0 172.0 1
323.0 172.0 1
327.0 173.0 1
328.0 173.0 1
330.0 173.0 1
331.0 173.0 1
332.0 173.0 1
332.0 173.0 1
334.0 173.0 1
335.0 173.0 1
322.0 172.0 0
322.0 174.0 1
322.0 176.0 1
323.0 178.0 1
323.0 181.0 1
323.0 182.0 1
323.0 185.0 1
323.0 186.0 1
323.0 189.0 1
323.0 191.0 1
323.0 193.0 1
323.0 195.0 1
323.0 196.0 1
322.0 199.0 1
322.0 200.0 1
