266.0 153.0 2
236.0 153.0 2
236.0 174.0 2
263.0 172.0 2
263.0 191.0 2
239.0 190.0 2
239.0 190.0 1
286.0 153.0 2
284.0 188.0 2
284.0 188.0 1
304.0 188.0 2
282.0 169.0 2
301.0 153.0 2
301.0 153.0 1
341.0 154.0 2
324.0 186.0 2
324.0 186.0 1
322.0 153.0 2
337.0 166.0 2
337.0 166.0 1
355.0 187.0 2
351.0 152.0 2
369.0 182.0 2
365.0 149.0 2
365.0 149.0 1
403.0 153.0 2
378.0 155.0 2
380.0 185.0 2
406.0 183.0 2
406.0 183.0 1
400.0 166.0 2
376.0 167.0 2
376.0 167.0 1
422.0 152.0 2
461.0 152.0 2
461.0 152.0 1
435.0 152.0 2
437.0 178.0 2
