1695,1790,1000
1695,1790,2000
1704,1810,2000
1713,1831,2000
1722,1852,2000
1729,1874,2000
1737,1897,2000
1751,1886,2000
1766,1875,2000
1780,1865,2000
1794,1857,2000
1808,1849,2000
1800,1828,2000
1792,1807,2000
1783,1787,2000
1774,1767,2000
1765,1748,2000
1777,1742,2000
1789,1737,2000
1801,1732,2000
1812,1727,2000
1824,1723,2000
1834,1741,2000
1844,1759,2000
1853,1777,2000
1861,1795,2000
1869,1813,2000
1869,1813,2000
1869,1813,2000
1869,1813,2000
1869,1813,2000
1869,1813,1000
1830,1796,1000
1791,1780,1000
1751,1767,1000
1711,1755,1000
1670,1747,2000
1699,1728,2000
1726,1712,2000
1752,1698,2000
1778,1687,2000
1803,1677,2000
1803,1677,2000
1803,1677,2000
1803,1677,2000
1803,1677,2000
1803,1677,1000
1770,1675,1000
1736,1675,1000
1702,1677,1000
1668,1681,1000
1633,1688,2000
1659,1696,2000
1684,1705,2000
1709,1715,2000
1734,1725,2000
1759,1737,2000
1760,1710,2000
1761,1684,2000
1760,1659,2000
1759,1634,2000
1755,1609,2000
1755,1609,2000
1755,1609,2000
1755,1609,2000
1755,1609,2000
1755,1609,1000
1727,1614,1000
1699,1620,1000
1671,1629,1000
1641,1640,1000
1611,1654,2000
1615,1638,2000
1618,1622,2000
1621,1607,2000
1624,1592,2000
1626,1577,2000
1626,1577,2000
1626,1577,2000
1626,1577,2000
1626,1577,2000
1626,1577,1000
1613,1579,1000
1600,1581,1000
1587,1584,1000
1574,1587,1000
1561,1590,2000
1593,1581,2000
1625,1575,2000
1656,1571,2000
1687,1569,2000
1717,1569,2000
1717,1569,2000
1717,1569,2000
1717,1569,2000
1717,1569,2000
1717,1569,1000
1703,1551,1000
1689,1533,1000
1675,1515,1000
1660,1498,1000
1645,1480,2000
1627,1494,2000
1608,1510,2000
1588,1528,2000
1566,1547,2000
1543,1568,2000
1558,1540,2000
1571,1513,2000
1582,1487,2000
1592,1462,2000
1600,1438,2000
1583,1454,2000
1565,1472,2000
1546,1490,2000
1526,1511,2000
1503,1533,2000
1503,1533,2000
1503,1533,2000
1503,1533,2000
1503,1533,2000
1503,1533,1000
1486,1514,1000
1468,1495,1000
1450,1476,1000
1431,1458,1000
1412,1441,2000
1424,1450,2000
1436,1459,2000
1447,1468,2000
1459,1477,2000
1470,1486,2000
1491,1466,2000
1510,1447,2000
1528,1430,2000
1545,1413,2000
1561,1398,2000
1547,1386,2000
1534,1374,2000
1521,1363,2000
1507,1351,2000
1494,1340,2000
1494,1340,2000
1494,1340,2000
1494,1340,2000
1494,1340,2000
1494,1340,1000
1499,1360,1000
1503,1380,1000
1507,1400,1000
1510,1419,1000
1512,1439,2000
1506,1432,2000
1499,1425,2000
1493,1418,2000
1487,1411,2000
1480,1404,2000
1490,1413,2000
1500,1423,2000
1510,1433,2000
1520,1443,2000
1529,1453,2000
1529,1453,2000
1529,1453,2000
1529,1453,2000
1529,1453,2000
1529,1453,1000
1500,1441,1000
1471,1431,1000
1441,1423,1000
1411,1415,1000
1381,1409,2000
1361,1392,2000
1341,1376,2000
1320,1361,2000
1299,1346,2000
1277,1331,2000
1277,1331,2000
1277,1331,2000
1277,1331,2000
1277,1331,2000
1277,1331,1000
1292,1340,1000
1306,1349,1000
1321,1359,1000
1335,1368,1000
1349,1378,2000
1368,1356,2000
1385,1334,2000
1400,1314,2000
1414,1295,2000
1414,1295,1000
