1753,1679,2000
1767,1703,2000
1781,1727,2000
1794,1752,2000
1806,1776,2000
1818,1802,2000
1832,1796,2000
1846,1791,2000
1859,1786,2000
1873,1782,2000
1887,1778,2000
1874,1756,2000
1860,1734,2000
1846,1712,2000
1831,1690,2000
1816,1669,2000
1827,1665,2000
1839,1663,2000
1851,1660,2000
1862,1658,2000
1874,1656,2000
1888,1676,2000
1901,1696,2000
1914,1716,2000
1925,1736,2000
1937,1756,2000
1937,1756,2000
1937,1756,2000
1937,1756,2000
1937,1756,2000
1937,1756,1000
1890,1724,1000
1844,1693,1000
1797,1664,1000
1751,1638,1000
1704,1614,2000
1724,1605,2000
1744,1597,2000
1764,1590,2000
1783,1585,2000
1802,1580,2000
1801,1579,2000
1800,1577,2000
1798,1576,2000
1797,1574,2000
1796,1573,1000
1781,1556,1000
1767,1539,1000
1752,1522,1000
1736,1505,1000
1721,1487,2000
1734,1512,2000
1746,1537,2000
1757,1562,2000
1766,1586,2000
1774,1611,2000
1752,1599,2000
1729,1588,2000
1707,1578,2000
1684,1568,2000
1662,1559,2000
1662,1559,2000
1662,1559,2000
1662,1559,2000
1662,1559,2000
1662,1559,1000
1666,1533,1000
1669,1507,1000
1670,1482,1000
1669,1457,1000
1667,1433,2000
1642,1428,2000
1616,1424,2000
1591,1422,2000
1566,1422,2000
1541,1423,2000
1541,1423,2000
1541,1423,2000
1541,1423,2000
1541,1423,2000
1541,1423,1000
1554,1435,1000
1568,1448,1000
1581,1460,1000
1594,1472,1000
1607,1485,2000
1602,1469,2000
1597,1454,2000
1592,1438,2000
1586,1422,2000
1579,1407,2000
1579,1407,2000
1579,1407,2000
1579,1407,2000
1579,1407,2000
1579,1407,1000
1573,1388,1000
1565,1369,1000
1557,1351,1000
1549,1332,1000
1540,1313,2000
1531,1324,2000
1521,1336,2000
1511,1349,2000
1500,1362,2000
1488,1375,2000
1488,1353,2000
1487,1331,2000
1484,1309,2000
1481,1287,2000
1477,1265,2000
1469,1276,2000
1461,1287,2000
1453,1298,2000
1444,1310,2000
1434,1322,2000
1434,1322,2000
1434,1322,2000
1434,1322,2000
1434,1322,2000
1434,1322,1000
1408,1299,1000
1382,1277,1000
1356,1255,1000
1329,1234,1000
1302,1214,2000
1317,1223,2000
1331,1232,2000
1346,1242,2000
1360,1251,2000
1374,1261,2000
1382,1247,2000
1389,1234,2000
1395,1221,2000
1401,1208,2000
1406,1195,2000
1394,1185,2000
1382,1175,2000
1371,1166,2000
1359,1156,2000
1347,1147,2000
1347,1147,2000
1347,1147,2000
1347,1147,2000
1347,1147,2000
1347,1147,1000
1342,1152,1000
1337,1157,1000
1332,1162,1000
1326,1167,1000
1320,1173,2000
1337,1185,2000
1353,1198,2000
1370,1211,2000
1386,1224,2000
1402,1238,2000
1402,1238,2000
1402,1238,2000
1402,1238,2000
1402,1238,2000
1402,1238,1000
1369,1221,1000
1336,1205,1000
1302,1192,1000
1269,1181,1000
1234,1171,2000
1209,1156,2000
1183,1141,2000
1157,1128,2000
1131,1115,2000
1103,1104,2000
1103,1104,2000
1103,1104,2000
1103,1104,2000
1103,1104,2000
1103,1104,1000
1120,1109,1000
1137,1116,1000
1153,1122,1000
1170,1129,1000
1186,1136,2000
1184,1135,2000
1183,1133,2000
1182,1132,2000
1181,1131,2000
1179,1129,2000
1185,1114,2000
1190,1100,2000
1195,1085,2000
1199,1071,2000
