1683,1650,2000
1696,1671,2000
1709,1693,2000
1722,1714,2000
1734,1736,2000
1745,1758,2000
1759,1751,2000
1772,1744,2000
1785,1738,2000
1799,1733,2000
1812,1727,2000
1799,1708,2000
1786,1689,2000
1772,1670,2000
1758,1651,2000
1744,1632,2000
1754,1628,2000
1765,1624,2000
1775,1620,2000
1786,1616,2000
1796,1613,2000
1809,1631,2000
1821,1648,2000
1832,1666,2000
1844,1684,2000
1854,1701,2000
1854,1701,2000
1854,1701,2000
1854,1701,2000
1854,1701,2000
1854,1701,1000
1810,1673,1000
1766,1647,1000
1722,1623,1000
1678,1601,1000
1634,1582,2000
1653,1571,2000
1672,1562,2000
1691,1553,2000
1709,1546,2000
1727,1540,2000
1727,1540,2000
1727,1540,2000
1727,1540,2000
1727,1540,2000
1727,1540,1000
1715,1525,1000
1702,1511,1000
1690,1497,1000
1677,1483,1000
1664,1468,2000
1670,1489,2000
1675,1509,2000
1680,1529,2000
1683,1550,2000
1686,1570,2000
1667,1562,2000
1649,1554,2000
1630,1546,2000
1612,1539,2000
1594,1533,2000
1594,1533,2000
1594,1533,2000
1594,1533,2000
1594,1533,2000
1594,1533,1000
1572,1507,1000
1549,1481,1000
1526,1456,1000
1502,1431,1000
1478,1406,2000
1502,1402,2000
1525,1400,2000
1548,1399,2000
1571,1399,2000
1593,1401,2000
1593,1401,2000
1593,1401,2000
1593,1401,2000
1593,1401,2000
1593,1401,1000
1583,1412,1000
1572,1425,1000
1560,1438,1000
1547,1452,1000
1534,1466,2000
1530,1451,2000
1527,1437,2000
1523,1422,2000
1519,1407,2000
1514,1393,2000
1514,1393,2000
1514,1393,2000
1514,1393,2000
1514,1393,2000
1514,1393,1000
1510,1373,1000
1506,1353,1000
1500,1334,1000
1494,1314,1000
1487,1293,2000
1480,1310,2000
1473,1327,2000
1464,1345,2000
1454,1363,2000
1443,1382,2000
1443,1357,2000
1442,1333,2000
1439,1308,2000
1436,1284,2000
1431,1259,2000
1426,1277,2000
1419,1295,2000
1411,1313,2000
1402,1331,2000
1392,1350,2000
1392,1350,2000
1392,1350,2000
1392,1350,2000
1392,1350,2000
1392,1350,1000
1369,1328,1000
1345,1306,1000
1321,1285,1000
1296,1265,1000
1271,1245,2000
1289,1255,2000
1307,1266,2000
1325,1277,2000
1343,1288,2000
1360,1300,2000
1369,1283,2000
1377,1267,2000
1384,1251,2000
1391,1235,2000
1396,1219,2000
1377,1205,2000
1358,1191,2000
1339,1177,2000
1320,1164,2000
1301,1152,2000
1301,1152,2000
1301,1152,2000
1301,1152,2000
1301,1152,2000
1301,1152,1000
1302,1164,1000
1302,1177,1000
1303,1189,1000
1303,1202,1000
1302,1214,2000
1319,1226,2000
1336,1237,2000
1353,1249,2000
1370,1262,2000
1387,1275,2000
1387,1275,2000
1387,1275,2000
1387,1275,2000
1387,1275,2000
1387,1275,1000
1351,1257,1000
1314,1242,1000
1277,1229,1000
1240,1218,1000
1201,1208,2000
1172,1194,2000
1142,1180,2000
1111,1168,2000
1079,1157,2000
1045,1146,2000
1045,1146,2000
1045,1146,2000
1045,1146,2000
1045,1146,2000
1045,1146,1000
1068,1153,1000
1090,1160,1000
1111,1168,1000
1132,1176,1000
1152,1185,2000
1160,1167,2000
1167,1149,2000
1173,1131,2000
1178,1114,2000
