1869,1840,1000
1864,1849,1000
1859,1858,1000
1862,1873,1000
1865,1888,1000
1868,1899,1000
1871,1910,1000
1877,1910,1000
1883,1909,1000
1888,1907,1000
1893,1905,1000
1907,1892,1000
1921,1881,1000
1923,1876,1000
1926,1871,1000
1924,1865,1000
1921,1859,1000
1919,1853,1000
1917,1847,1000
1915,1841,1000
1913,1835,1000
1915,1832,1000
1918,1830,1000
1931,1827,1000
1945,1824,1000
1963,1841,1000
1981,1859,1000
1983,1863,1000
1984,1867,1000
1983,1869,1000
1982,1871,1000
1981,1874,1000
1980,1876,1000
1908,1832,1000
1834,1795,0000
1839,1793,0000
1844,1791,1000
1848,1787,1000
1852,1784,1000
1856,1783,1000
1859,1782,1000
1865,1780,1000
1872,1778,1000
1882,1779,1000
1892,1781,1000
1897,1780,1000
1902,1779,1000
1907,1777,1000
1912,1776,1000
1914,1774,1000
1916,1771,1000
1923,1770,1000
1930,1769,1000
1935,1769,1000
1939,1768,1000
1945,1765,1000
1951,1763,1000
1920,1769,1000
1890,1777,0000
1883,1770,0000
1876,1764,1000
1863,1757,1000
1850,1750,1000
1846,1749,1000
1842,1748,1000
1837,1745,1000
1831,1743,1000
1823,1741,1000
1815,1740,1000
1812,1738,1000
1810,1737,1000
1844,1752,1000
1878,1767,0000
1879,1765,0000
1879,1763,1000
1879,1756,1000
1880,1750,1000
1884,1745,1000
1888,1740,1000
1886,1736,1000
1884,1732,1000
1887,1732,1000
1890,1731,1000
1892,1729,1000
1894,1726,1000
1896,1724,1000
1898,1721,1000
1902,1719,1000
1906,1716,1000
1908,1714,1000
1909,1712,1000
1909,1712,1000
1909,1712,1000
1849,1705,1000
1791,1704,0000
1792,1699,0000
1792,1695,1000
1793,1692,1000
1793,1690,1000
1794,1685,1000
1795,1680,1000
1795,1678,1000
1795,1676,1000
1795,1673,1000
1796,1671,1000
1799,1668,1000
1802,1664,1000
1802,1662,1000
1803,1660,1000
1803,1658,1000
1803,1655,1000
1770,1651,1000
1737,1650,0000
1741,1648,0000
1746,1646,1000
1758,1647,1000
1770,1649,1000
1787,1647,1000
1804,1646,1000
1806,1650,1000
1809,1653,1000
1816,1654,1000
1823,1654,1000
1825,1655,1000
1828,1657,1000
1845,1659,1000
1862,1662,1000
1866,1663,1000
1871,1665,1000
1872,1666,1000
1873,1668,1000
1875,1668,1000
1876,1668,1000
1849,1629,1000
1819,1590,0000
1821,1591,0000
1822,1593,1000
1819,1594,1000
1817,1594,1000
1814,1595,1000
1811,1596,1000
1805,1595,1000
1798,1595,1000
1795,1595,1000
1793,1596,1000
1793,1596,1000
1793,1596,1000
1790,1597,1000
1787,1598,1000
1783,1597,1000
1779,1596,1000
1778,1596,1000
1777,1597,1000
1774,1597,1000
1771,1598,1000
1770,1599,1000
1769,1599,1000
1765,1601,1000
1761,1602,1000
1758,1603,1000
1755,1604,1000
1754,1605,1000
1753,1605,1000
1749,1607,1000
1745,1609,1000
1743,1612,1000
1742,1615,1000
1738,1614,1000
1734,1614,1000
1733,1614,1000
1731,1615,1000
1731,1615,1000
1731,1615,0000
1734,1606,0000
1737,1598,1000
1741,1594,1000
1745,1590,1000
1747,1589,1000
1750,1588,1000
1755,1581,1000
1759,1575,1000
1766,1561,1000
1771,1548,1000
1772,1545,1000
1773,1542,1000
1774,1542,1000
1775,1542,1000
1774,1542,1000
1773,1542,1000
1771,1543,1000
1768,1544,1000
1759,1547,1000
1749,1550,1000
1745,1552,1000
1742,1553,1000
1739,1554,1000
1737,1555,1000
1736,1558,1000
1735,1561,1000
1732,1562,1000
1730,1563,1000
1727,1564,1000
1725,1565,1000
1724,1568,1000
1723,1571,1000
1721,1572,1000
1720,1572,1000
1718,1573,1000
1715,1575,1000
1714,1575,1000
1712,1576,1000
1708,1575,1000
1705,1575,1000
1703,1576,1000
1702,1576,1000
1699,1578,1000
1697,1579,1000
1665,1537,1000
1631,1495,0000
1632,1497,0000
1634,1499,1000
1640,1505,1000
1645,1512,1000
1648,1516,1000
1651,1519,1000
1654,1522,1000
1657,1526,1000
1660,1527,1000
1662,1528,1000
1664,1530,1000
1665,1531,1000
1668,1535,1000
1671,1538,1000
1679,1531,1000
1687,1524,1000
1688,1521,1000
1689,1518,1000
1692,1516,1000
1696,1515,1000
1703,1508,1000
1710,1502,1000
1714,1501,1000
1717,1499,1000
1723,1499,1000
1729,1499,1000
1730,1499,1000
1731,1499,1000
1732,1498,1000
1733,1498,1000
1730,1494,1000
1726,1490,1000
1715,1480,1000
1704,1469,1000
1695,1460,1000
1686,1450,1000
1682,1447,1000
1677,1444,1000
1689,1476,1000
1699,1508,0000
1695,1505,0000
1691,1502,1000
1688,1498,1000
1684,1494,1000
1683,1493,1000
1681,1491,1000
1678,1487,1000
1675,1484,1000
1672,1480,1000
1668,1477,1000
1668,1477,1000
1668,1477,1000
1638,1471,1000
1608,1467,0000
1603,1462,0000
1597,1458,1000
1594,1455,1000
1591,1452,1000
1589,1450,1000
1588,1448,1000
1584,1442,1000
1580,1437,1000
1577,1433,1000
1574,1430,1000
1572,1428,1000
1571,1427,1000
1565,1419,1000
1560,1412,1000
1558,1410,1000
1557,1408,1000
1553,1405,1000
1550,1402,1000
1548,1400,1000
1547,1399,1000
1545,1397,1000
1544,1395,1000
1544,1395,1000
1544,1395,1000
1540,1392,1000
1537,1389,1000
1535,1387,1000
1534,1386,1000
1554,1408,1000
1574,1430,0000
1576,1428,0000
1578,1427,1000
1580,1425,1000
1582,1423,1000
1582,1420,1000
1582,1417,1000
1585,1414,1000
1588,1412,1000
1589,1411,1000
1590,1410,1000
1592,1408,1000
1595,1406,1000
1596,1405,1000
1597,1404,1000
1599,1402,1000
1602,1400,1000
1604,1398,1000
1606,1397,1000
1607,1395,1000
1609,1394,1000
1611,1392,1000
1612,1391,1000
1613,1390,1000
1614,1390,1000
1618,1390,1000
1622,1390,1000
1623,1389,1000
