350.0 150.0 2
349.2403876506104 158.6824088833465 2
346.98463103929544 167.10100716628344 2
343.30127018922195 175.0 2
338.3022221559489 182.13938048432698 2
332.139380484327 188.3022221559489 2
325.0 193.30127018922192 2
317.10100716628347 196.9846310392954 2
308.6824088833465 199.2403876506104 2
300.0 200.0 2
291.3175911166535 199.2403876506104 2
282.8989928337166 196.98463103929544 2
275.0 193.30127018922195 2
267.860619515673 188.3022221559489 2
261.6977778440511 182.13938048432698 2
256.69872981077805 175.0 2
253.0153689607046 167.10100716628344 2
250.7596123493896 158.6824088833465 2
250.0 150.0 2
250.7596123493896 141.3175911166535 2
253.01536896070456 132.89899283371656 2
256.69872981077805 125.0 2
261.6977778440511 117.86061951567304 2
267.860619515673 111.6977778440511 2
275.0 106.69872981077808 2
282.89899283371653 103.01536896070459 2
291.3175911166535 100.7596123493896 2
300.0 100.0 2
308.6824088833465 100.75961234938958 2
317.1010071662834 103.01536896070456 2
325.0 106.69872981077808 2
332.139380484327 111.6977778440511 2
338.30222215594887 117.86061951567302 2
343.3012701892219 124.99999999999997 2
346.98463103929544 132.89899283371656 2
349.2403876506104 141.31759111665343 2
350.0 150.0 2
350.0 150.0 2
350.0 150.0 2
350.0 150.0 1
